  0.750000 	
  0.749013 	
  0.746057 	
  0.741144 	
  0.734292 	
  0.725528 	
  0.714888 	
  0.702414 	
  0.688153 	
  0.672164 	
  0.654508 	
  0.635257 	
  0.614484 	
  0.592274 	
  0.568712 	
  0.543893 	
  0.517913 	
  0.490877 	
  0.462890 	
  0.434062 	
  0.404508 	
  0.374345 	
  0.343691 	
  0.312667 	
  0.281395 	
  0.250000 	
  0.218605 	
  0.187333 	
  0.156309 	
  0.125655 	
  0.095492 	
  0.065938 	
  0.037110 	
  0.009123 	
 -0.017913 	
 -0.043893 	
 -0.068712 	
 -0.092274 	
 -0.114484 	
 -0.135257 	
 -0.154508 	
 -0.172164 	
 -0.188153 	
 -0.202414 	
 -0.214888 	
 -0.225528 	
 -0.234292 	
 -0.241144 	
 -0.246057 	
 -0.249013 	
 -0.250000 	
 -0.249013 	
 -0.246057 	
 -0.241144 	
 -0.234292 	
 -0.225528 	
 -0.214888 	
 -0.202414 	
 -0.188153 	
 -0.172164 	
 -0.154508 	
 -0.135257 	
 -0.114484 	
 -0.092274 	
 -0.068712 	
 -0.043893 	
 -0.017913 	
  0.009123 	
  0.037110 	
  0.065938 	
  0.095492 	
  0.125655 	
  0.156309 	
  0.187333 	
  0.218605 	
  0.250000 	
  0.281395 	
  0.312667 	
  0.343691 	
  0.374345 	
  0.404508 	
  0.434062 	
  0.462890 	
  0.490877 	
  0.517913 	
  0.543893 	
  0.568712 	
  0.592274 	
  0.614484 	
  0.635257 	
  0.654508 	
  0.672164 	
  0.688153 	
  0.702414 	
  0.714888 	
  0.725528 	
  0.734292 	
  0.741144 	
  0.746057 	
  0.749013 	
  0.750000 	
