  0.000000 	
 -0.000141 	
 -0.000562 	
 -0.001258 	
 -0.002222 	
 -0.003443 	
 -0.004909 	
 -0.006603 	
 -0.008510 	
 -0.010610 	
 -0.012883 	
 -0.015310 	
 -0.017868 	
 -0.020535 	
 -0.023291 	
 -0.026111 	
 -0.028974 	
 -0.031856 	
 -0.034733 	
 -0.037582 	
 -0.040378 	
 -0.043094 	
 -0.045705 	
 -0.048182 	
 -0.050499 	
 -0.052625 	
 -0.054534 	
 -0.056195 	
 -0.057581 	
 -0.058666 	
 -0.059424 	
 -0.059834 	
 -0.059876 	
 -0.059535 	
 -0.058799 	
 -0.057661 	
 -0.056119 	
 -0.054176 	
 -0.051839 	
 -0.049121 	
 -0.046037 	
 -0.042608 	
 -0.038854 	
 -0.034800 	
 -0.030471 	
 -0.025893 	
 -0.021088 	
 -0.016078 	
 -0.010884 	
 -0.005521 	
  0.000000 	
  0.005521 	
  0.010884 	
  0.016078 	
  0.021088 	
  0.025893 	
  0.030471 	
  0.034800 	
  0.038854 	
  0.042608 	
  0.046037 	
  0.049121 	
  0.051839 	
  0.054176 	
  0.056119 	
  0.057661 	
  0.058799 	
  0.059535 	
  0.059876 	
  0.059834 	
  0.059424 	
  0.058666 	
  0.057581 	
  0.056195 	
  0.054534 	
  0.052625 	
  0.050499 	
  0.048182 	
  0.045705 	
  0.043094 	
  0.040378 	
  0.037582 	
  0.034733 	
  0.031856 	
  0.028974 	
  0.026111 	
  0.023291 	
  0.020535 	
  0.017868 	
  0.015310 	
  0.012883 	
  0.010610 	
  0.008510 	
  0.006603 	
  0.004909 	
  0.003443 	
  0.002222 	
  0.001258 	
  0.000562 	
  0.000141 	
  0.000000 	
